Wenner array£¨¦Á£©
  0.2000
1
242
0
0
0	0.2	36.83214
0.2	0.2	39.73363
0.4	0.2	36.70462
0.6	0.2	36.63002
0.8	0.2	40.26349
1	0.2	35.86414
1.2	0.2	38.60407
1.4	0.2	37.44838
1.6	0.2	36.6177
1.8	0.2	34.35194
2	0.2	34.24766
2.2	0.2	39.9331
2.4	0.2	30.66702
2.6	0.2	41.16396
2.8	0.2	38.54571
3	0.2	49.60894
3.2	0.2	57.02353
3.4	0.2	61.25476
3.6	0.2	56.27384
3.8	0.2	66.41237
4	0.2	64.98872
4.2	0.2	72.96183
4.4	0.2	78.24041
4.6	0.2	78.71806
4.8	0.2	83.21631
5	0.2	86.69163
5.2	0.2	85.57569
5.4	0.2	90.97838
5.6	0.2	89.49101
5.8	0.2	90.46714
6	0.2	85.60344
6.2	0.2	97.20412
6.4	0.2	101.73892
6.6	0.2	105.97545
6.8	0.2	104.64772
7	0.2	116.38498
7.2	0.2	109.81818
0	0.4	57.45183
0.2	0.4	57.8513
0.4	0.4	52.27221
0.6	0.4	52.63194
0.8	0.4	55.45394
1	0.4	54.05325
1.2	0.4	52.60015
1.4	0.4	48.15271
1.6	0.4	46.55706
1.8	0.4	46.55989
2	0.4	47.26573
2.2	0.4	47.28746
2.4	0.4	48.15395
2.6	0.4	49.89186
2.8	0.4	51.88704
3	0.4	53.23236
3.2	0.4	50.63795
3.4	0.4	50.1542
3.6	0.4	58.76006
3.8	0.4	58.02433
4	0.4	60.54603
4.2	0.4	60.01244
4.4	0.4	60.91422
4.6	0.4	65.02109
4.8	0.4	69.96021
5	0.4	76.17236
5.2	0.4	77.30173
5.4	0.4	75.13392
5.6	0.4	82.86046
5.8	0.4	92.96139
6	0.4	94.77793
6.2	0.4	94.56909
6.4	0.4	96.69527
6.6	0.4	110.9493
0	0.6	70.9761
0.2	0.6	66.51765
0.4	0.6	65.57417
0.6	0.6	67.69925
0.8	0.6	67.0793
1	0.6	67.16551
1.2	0.6	62.28934
1.4	0.6	65.37054
1.6	0.6	61.08328
1.8	0.6	59.28761
2	0.6	59.2831
2.2	0.6	59.23128
2.4	0.6	58.87528
2.6	0.6	57.6832
2.8	0.6	59.2608
3	0.6	60.93393
3.2	0.6	61.05402
3.4	0.6	63.93167
3.6	0.6	59.97621
3.8	0.6	61.88708
4	0.6	55.78063
4.2	0.6	64.7427
4.4	0.6	62.94962
4.6	0.6	69.04732
4.8	0.6	69.97228
5	0.6	76.46239
5.2	0.6	74.1502
5.4	0.6	79.73582
5.6	0.6	83.84059
5.8	0.6	87.55489
6	0.6	96.51255
0	0.8	76.14557
0.2	0.8	78.19966
0.4	0.8	74.00531
0.6	0.8	76.10979
0.8	0.8	76.18085
1	0.8	79.85517
1.2	0.8	72.1728
1.4	0.8	76.67761
1.6	0.8	70.35497
1.8	0.8	68.20031
2	0.8	68.07099
2.2	0.8	69.97716
2.4	0.8	74.28318
2.6	0.8	74.51803
2.8	0.8	68.72289
3	0.8	71.85524
3.2	0.8	67.2011
3.4	0.8	69.3364
3.6	0.8	66.05511
3.8	0.8	63.03079
4	0.8	67.53536
4.2	0.8	69.47613
4.4	0.8	68.18672
4.6	0.8	74.0632
4.8	0.8	73.33315
5	0.8	80.72948
5.2	0.8	79.71911
5.4	0.8	81.88846
0	1	83.41816
0.2	1	81.26454
0.4	1	82.72812
0.6	1	86.21111
0.8	1	79.98327
1	1	78.23738
1.2	1	78.06598
1.4	1	77.06559
1.6	1	78.20893
1.8	1	79.59295
2	1	80.18424
2.2	1	79.73181
2.4	1	76.09271
2.6	1	82.85214
2.8	1	77.30255
3	1	80.27862
3.2	1	69.32523
3.4	1	71.27422
3.6	1	70.87374
3.8	1	77.18239
4	1	77.95698
4.2	1	80.7481
4.4	1	76.32655
4.6	1	80.98447
4.8	1	80.65525
0	1.2	90.51306
0.2	1.2	87.82467
0.4	1.2	93.2138
0.6	1.2	87.11179
0.8	1.2	86.09368
1	1.2	84.01194
1.2	1.2	80.60946
1.4	1.2	86.50341
1.6	1.2	83.48035
1.8	1.2	90.42149
2	1.2	95.04859
2.2	1.2	88.13564
2.4	1.2	89.04742
2.6	1.2	81.22709
2.8	1.2	82.44871
3	1.2	81.08175
3.2	1.2	76.27886
3.4	1.2	81.45201
3.6	1.2	84.37891
3.8	1.2	88.53626
4	1.2	88.58133
4.2	1.2	89.44529
0	1.4	89.06478
0.2	1.4	82.77974
0.4	1.4	80.56366
0.6	1.4	92.01467
0.8	1.4	80.63282
1	1.4	93.14188
1.2	1.4	94.65861
1.4	1.4	92.75649
1.6	1.4	89.4199
1.8	1.4	103.62034
2	1.4	95.998
2.2	1.4	90.48677
2.4	1.4	89.58146
2.6	1.4	85.66379
2.8	1.4	87.07325
3	1.4	88.75211
3.2	1.4	89.32108
3.4	1.4	86.88683
3.6	1.4	81.20843
0	1.6	97.88941
0.2	1.6	95.75548
0.4	1.6	97.88075
0.6	1.6	90.22446
0.8	1.6	96.31287
1	1.6	101.37334
1.2	1.6	89.96379
1.4	1.6	105.24578
1.6	1.6	97.58483
1.8	1.6	97.67936
2	1.6	94.42838
2.2	1.6	87.96536
2.4	1.6	96.97506
2.6	1.6	100.34275
2.8	1.6	94.63794
3	1.6	91.47181
0	1.8	91.48585
0.2	1.8	94.88716
0.4	1.8	106.23431
0.6	1.8	90.81574
0.8	1.8	97.57296
1	1.8	94.37991
1.2	1.8	109.05099
1.4	1.8	107.99195
1.6	1.8	116.49495
1.8	1.8	104.12528
2	1.8	93.41437
2.2	1.8	100.49464
2.4	1.8	92.40638
0	2	99.47208
0.2	2	102.09006
0.4	2	100.89877
0.6	2	98.814
0.8	2	108.48322
1	2	106.01197
1.2	2	109.91275
1.4	2	101.63087
1.6	2	113.68652
1.8	2	104.29621
0	2.2	91.19538
0.2	2.2	99.63965
0.4	2.2	104.46232
0.6	2.2	107.92974
0.8	2.2	111.70338
1	2.2	104.94637
1.2	2.2	107.77745
0
0
0
0
0
0
0
